0
0
0
0
0.9767482
1.919329
2.901634
3.656597
4.62891
5.536693
5.536693
4.536693
5.466031
6.449975
7.449711
8.336665
9.14899
10.14547
9.145473
10.09495
10.96623
10.96623
11.94335
12.90002
10.90002
11.39736
12.19677
12.3474
12.7056
13.36044
13.36044
14.32908
15.23056
16.18641
17.16413
18.09896
18.97155
18.97155
19.96483
20.92876
21.66426
22.50901
22.50901
21.50901
20.50901
19.50901
18.50901
17.50901
17.50901
17.50901
16.50901
14.50901
14.94199
13.94199
12.94199
11.94199
10.94199
9.94199
8.94199
8.94199
7.94199
6.94199
7.657401
8.656036
7.656036
6.656036
5.656036
4.656036
5.285758
6.250762
6.774262
5.774262
4.774262
3.774262
4.117352
5.109717
6.018723
6.979814
7.953439
8.881544
7.881544
8.666184
9.657006
10.57072
11.39195
12.10035
12.89645
11.89645
12.66646
13.51752
14.32142
15.03835
16.00632
16.75085
17.40385
18.17528
17.17528
16.17528
15.17528
16.17118
16.90884
15.90884
14.90884
13.90884
12.90884
13.74827
14.47764
13.47764
12.47764
12.47764
11.47764
10.47764
10.9098
9.909797
10.14518
10.63895
9.638953
8.638953
9.638928
10.62803
11.58313
12.48348
13.47825
14.43274
15.4114
16.18817
17.16879
18.09169
18.09169
17.09169
16.09169
15.09169
14.09169
14.75773
15.51456
14.51456
13.51456
14.32985
14.96826
15.51284
16.49784
16.49784
-1
-2
-3
-4
-3.116987
-2.335254
-3.335254
-3.335254
-4.335254
-3.372587
-2.375243
-1.532892
-0.603554
0.2627217
1.262457
1.262457
2.259941
3.256424
3.747463
3.747463
4.618741
4.618741
4.618741
5.425407
6.420938
7.317971
8.270681
9.146831
9.920057
10.89938
11.64555
11.64555
12.61223
13.35391
14.00403
14.56037
15.02518
15.82038
15.82038
16.64094
16.75609
15.75609
14.75609
13.75609
12.75609
-1
-2
-3
-2.001919
-1.025171
-0.09196955
0.7784776
1.571135
1.994801
2.507668
3.321014
3.805669
2.805669
3.671944
4.67168
5.646483
6.558624
7.465643
6.465643
6.465643
7.325913
8.325839
9.208073
10.20626
11.10894
11.94046
12.93937
13.92722
13.92722
12.92722
12.92722
13.82547
14.79215
15.70956
14.70956
15.64438
16.51697
17.26926
17.90157
18.41159
18.63891
19.12071
20.12051
21.10392
20.10392
21.07759
22.0747
22.68439
23.38716
24.31443
23.31443
22.31443
21.31443
20.31443
20.55025
19.55025
18.55025
17.55025
16.55025
15.55025
14.55025
14.96253
13.96253
14.96116
15.83989
16.61641
15.61641
16.61547
17.51103
18.47604
19.47398
20.3206
20.67118
19.67118
18.67118
17.67118
16.67118
15.67118
16.37249
17.3006
18.2839
19.04718
19.04718
19.96089
20.78213
21.49052
22.07693
22.54283
23.10043
23.95148
23.95148
24.57408
25.19825
26.11753
27.10629
28.04268
27.04268
27.99431
28.96457
29.92951
27.92951
26.92951
25.92951
24.92951
23.92951
-1
-2
-3
-4
-5
-6
-7
-8
-9
-10
-11
-12
-13
-14
-15
-16
-17
-18
-19
-20
-21
-22
-23
-24
-25
-26
-25.20059
-26.20059
-27.20059
-28.20059
-27.28022
-26.45017
-25.73177
-24.92664
-24.04568
-23.26652
-22.2851
-21.28585
-20.29257
-19.47202
-18.73651
-18.30507
-17.54222
-17.08356
-16.13651
-15.16284
-14.25271
-15.25271
-15.20002
-14.61948
-14.47344
-15.47344
-1
-2
-3
-2.475232
-1.485117
-0.4852149
0.3759092
1.37533
2.267042
3.085114
3.603371
4.445722
4.99265
5.66223
4.66223
3.66223
2.66223
1.66223
2.296293
3.05022
3.921497
4.476103
5.124475
5.65028
6.474865
7.469017
8.467932
9.45578
10.39326
11.27072
12.07168
12.96993
13.93661
14.93497
13.93497
14.70383
15.57642
16.37163
17.26536
17.8799
18.40103
18.83247
19.38236
19.84101
20.2145
20.70096
21.30898
22.21803
23.10836
24.05626
25.03918
25.98282
26.8673
27.78163
28.77763
29.77122
30.77036
31.75126
32.69141
33.57114
34.56965
35.53702
36.53176
37.48614
38.47486
39.41432
38.41432
39.36603
40.26159
41.08429
41.99909
42.84571
43.39778
44.38318
45.31028
45.94727
46.46196
47.07005
47.77136
48.71854
47.71854
48.66283
49.63847
50.63623
51.63236
52.4671
53.39086
54.37193
54.93833
55.41264
56.00788
56.5101
57.13427
57.87881
58.85751
59.79707
60.77764
61.36563
61.36563
61.77267
62.51033
63.5008
64.44427
65.42962
66.01034
67.00267
67.91177
66.91177
65.91177
-1
-1
-1
-2
-3
-2.04283
-1.39552
-2.043716
-1.379569
-0.8380892
-0.2028962
0.3099713
1.307315
1.947999
2.294238
2.399428
2.975284
3.673452
4.069787
4.796123
5.430185
5.970563
5.420185
4.420185
5.410052
6.326355
6.94564
7.110837
7.700981
8.384641
8.742839
9.397686
10.14386
10.97391
11.96916
12.71084
11.71084
12.4797
13.35229
14.30265
14.79539
13.85303
14.24781
15.13348
14.89634
15.03933
14.03933
14.74049
15.70156
16.66337
17.63642
18.4273
19.29624
20.06064
20.70594
21.62027
22.61627
23.58682
24.58596
25.44357
26.00947
26.6979
27.65295
28.27566
28.44263
28.55404
28.62541
28.82876
27.82876
28.57852
27.57852
26.57852
25.57852
24.57852
0
0
-1
-2
-1.446463
-0.5853385
0.3635774
0.3635774
-0.6364226
-1.636423
-2.636423
-2.636423
-1.652478
-0.7070058
-0.2235009
-0.04629743
0.7727609
1.7657
0.7657003
1.442953
1.997559
2.846146
2.846146
3.748821
4.71816
5.67087
5.327471
5.88855
5.88855
4.88855
2.88855
1.88855
1.88855
2.578612
2.146184
3.132795
3.885082
4.878361
5.698914
6.509709
6.941152
7.515202
8.379153
9.168543
8.168543
7.168543
6.168543
5.168543
5.168543
4.168543
4.740936
3.740936
2.740936
1.740936
2.160436
2.498383
0.4983833
-0.5016167
0.1868097
1.18532
1.902109
2.870068
3.614666
4.267834
3.267834
2.267834
1.267834
0.2678337
-0.7321663
0
0
0
-1
-2
-1.066798
-0.1963513
-0.1963513
0.4388416
1.166294
2.126513
1.126513
0.126513
0.58345
-0.41655
0.5747827
1.572266
2.479285
3.185076
3.768719
4.231878
4.231878
3.231878
2.231878
2.231878
1.231878
1.231878
1.915538
2.273736
2.273736
1.273736
1.899533
2.210206
1.210206
0.2602028
0.2602028
1.241624
1.241624
2.234904
3.198834
3.802013
2.802013
3.376063
4.359469
5.359076
6.248217
6.248217
7.21003
8.18308
9.130984
8.130984
8.130984
8.56396
9.086723
9.702925
8.702925
7.702925
6.702925
6.702925
7.681218
8.484889
6.484889
5.484889
4.484889
3.484889
3.484889
4.465414
5.464479
6.297795
6.805403
7.198093
8.082134
8.082134
8.94451
9.892568
10.59555
10.59555
11.41056
12.38419
13.31229
14.17598
14.17598
13.17598
13.26217
13.49745
14.4909
14.82944
15.81052
16.75091
16.75091
16.83941
15.83941
14.89489
14.89489
13.89489
12.89489
11.89489
11.89489
11.89489
11.89489
11.89489
12.88535
13.6686
14.12092
14.31168
14.31168
15.27348
14.27348
13.27348
14.20149
15.18644
16.18626
17.16197
17.16197
18.12631
19.09712
19.09712
18.09712
18.09712
18.97701
19.89542
19.89542
18.89542
17.89542
16.89542
16.89542
15.89542
14.89542
14.89542
14.89542
15.89333
14.89333
15.10125
14.10125
15.10077
15.10077
16.00998
16.97121
17.67281
18.0468
18.0468
18.0468
19.03755
19.99599
20.71963
21.55411
21.55411
22.5411
23.31888
23.31888
24.3174
25.21764
25.84154
26.84014
27.82898
28.60589
27.60589
27.14231
25.14231
24.14231
23.14231
22.14231
21.14231
20.14231
19.14231
18.14231
17.14231
16.14231
15.14231
14.14231
14.14231
14.14231
15.02727
15.83711
16.80157
15.80157
16.80072
17.46053
18.02645
18.67839
17.67839
17.67839
18.50669
19.2508
20.10276
20.8798
20.8798
20.8798
21.87346
22.77808
23.58734
24.57792
23.57792
23.57792
23.95262
24.65502
25.471
26.46803
26.46803
26.46803
27.33643
28.10031
28.74511
28.74511
29.70963
30.54387
31.54301
32.00949
32.94534
33.79692
34.71562
35.33887
36.05488
36.85792
37.14455
37.34835
38.00764
38.95898
37.95898
38.13012
38.9395
39.91549
40.6797
38.6797
38.05428
37.05428
36.05428
37.01571
37.98904
38.77938
37.77938
36.77938
-1
-1
-2
-3
-4
-5
-5
-6
-6
-7
-7
-8
-9
-10
-11
-12
-13
-14
-15
-16
-17
-18
-19
-20
-21
-22
-23
-24
-25
-26
-27
-27
-28
-29
-30
-30
-31
0
0
0
0
-1
-2
-3
-4
-4
-1
-2
-3
-4
-5
-6
-7
-7
-1
-1
-2
-3
-4
-5
-6
-7
-7
-8
-9
-10
-11
-11
-12
-13
-14
-15
-16
-17
-18
-19
-20
-21
-21
-22
-23
-24
-25
-25
-26
-27
-27
-28
-29
-30
-31
-31
-32
-33
-34
-34
-35
-36
-37
-37
-1
-2
-3
-4
-5
-5
-6
-6
-6
-7
-7
-7
-7
-8
-9
-10
-11
-11
-12
-13
-1
-2
-3
-4
-5
-5
-1
-2
-3
-4
-5
-6
-7
-7
-8
-9
-1
-2
-3
-4
-1
-2
-2
-3
0
0
0
0
-1
-2
0
0
0
0
-1
-2
-2
-2
-3
-4
-5
-6
-7
-8
-9
-10
-11
-12
-13
-12.78506
-13.78506
-14.78506
-14.34922
-13.7508
-14.7508
-15.78146
-16.78146
-17.78146
-19.78146
-20.78146
-21.78146
-22.78146
-23.78146
-22.82561
-23.82561
-23.25805
-24.25805
-23.25881
-25.25881
-26.25881
-25.44801
-26.44801
-25.51692
-24.84435
-23.84475
-23.1436
-22.32863
-23.32863
-22.48917
-21.56191
-22.56191
-23.56191
-24.56191
-25.56191
-26.56191
